5.371984126984118840e-02 6.289060846560809437e-02 7.074907407407356186e-02 7.588002645502582577e-02 8.565370370370291309e-02 9.624417989417913266e-02 1.101841269841266902e-01 1.209998677248674548e-01 1.379256613756612293e-01 1.530584656084652828e-01 1.739876984126981774e-01 1.903587301587297553e-01 2.005301587301588917e-01 2.180203703703710305e-01 2.293888888888892530e-01 2.500359788359803326e-01 2.647592592592611926e-01 2.828246031746060596e-01 2.934109788359818283e-01 2.979119047619079308e-01 3.183611111111143144e-01
7.194629629629574474e-02 7.594589947089877557e-02 7.916772486772406803e-02 8.547645502645399851e-02 9.321944444444371647e-02 9.756600529100482866e-02 1.104379629629627518e-01 1.227291005291005904e-01 1.451867724867725862e-01 1.535977513227510804e-01 1.719043650793648792e-01 1.901033068783068158e-01 2.028751322751323749e-01 2.282742063492069484e-01 2.546220899470916788e-01 2.677988095238124644e-01 2.934486772486813444e-01 3.118924603174653698e-01 3.214575396825443687e-01 3.383174603174671780e-01 3.537388888888947092e-01
6.987288359788310088e-02 7.516230158730094479e-02 7.807023809523737368e-02 8.363280423280336495e-02 9.058478835978775456e-02 1.002776455026448965e-01 1.128202380952379597e-01 1.261834656084656892e-01 1.419402116402113112e-01 1.543564814814815112e-01 1.708428571428568798e-01 1.951411375661376846e-01 2.136388888888892945e-01 2.346615079365094447e-01 2.591075396825412991e-01 2.782205026455050190e-01 3.013781746031782283e-01 3.232582010582047416e-01 3.528928571428620597e-01 3.654936507936547008e-01 3.915000000000031788e-01
7.153531746031691063e-02 7.507751322751249345e-02 8.223941798941701575e-02 8.160978835978739687e-02 9.357433862433782445e-02 9.668531746031690244e-02 1.115956349206344150e-01 1.217202380952380897e-01 1.392132275132271224e-01 1.541386243386238253e-01 1.755921957671952860e-01 1.908041005291004899e-01 2.219953703703716197e-01 2.402977513227526341e-01 2.722123015873036400e-01 2.976511904761942606e-01 3.271457671957714863e-01 3.443448412698463246e-01 3.752150793650831373e-01 4.118158730158741898e-01 4.237277777777778698e-01
7.151150793650733195e-02 7.700132275132193227e-02 7.730687830687743567e-02 8.534113756613645463e-02 8.852962962962872273e-02 1.000458994708987998e-01 1.127703703703700350e-01 1.215753968253966699e-01 1.372542328042327120e-01 1.624564814814812574e-01 1.783706349206346797e-01 2.008087301587303530e-01 2.157894179894186693e-01 2.487374338624353254e-01 2.776124338624368360e-01 3.136460317460355585e-01 3.508124338624374894e-01 3.927465608465630087e-01 4.220115079365088229e-01 4.760857142857140012e-01 5.169222222222197294e-01
7.223994708994645186e-02 7.171402116402046667e-02 8.011362433862342924e-02 8.416812169312079539e-02 9.003055555555485034e-02 9.866269841269784124e-02 1.088880952380946454e-01 1.228592592592593763e-01 1.378493386243383467e-01 1.605458994708995613e-01 1.758710317460316919e-01 2.003216931216931784e-01 2.292126984126996725e-01 2.513723544973562873e-01 2.916615079365103003e-01 3.318902116402149827e-01 3.748966931216960452e-01 4.188793650793664614e-01 4.729988095238087942e-01 5.250309523809507661e-01 5.921833333333313965e-01
7.218783068782996803e-02 7.416719576719500717e-02 7.711097883597799185e-02 8.258703703703605681e-02 9.110436507936424400e-02 9.682235449735382415e-02 1.088861111111108504e-01 1.222158730158727502e-01 1.369476190476188737e-01 1.565477513227510886e-01 1.797051587301586595e-01 2.075552910052911593e-01 2.410949735449744724e-01 2.642750000000017030e-01 2.971535714285741259e-01 3.371357142857179801e-01 4.023507936507961791e-01 4.415761904761913992e-01 4.931964285714282026e-01 5.533999999999975605e-01 6.318388888888859523e-01
7.344391534391471466e-02 7.486931216931146105e-02 7.993002645502554626e-02 8.486137566137474941e-02 9.012460317460248282e-02 1.002071428571423006e-01 1.060661375661373362e-01 1.233515873015869208e-01 1.338056878306877473e-01 1.573354497354496617e-01 1.832099206349206144e-01 2.130966931216935756e-01 2.392626984126993983e-01 2.810851851851883798e-01 3.148604497354524634e-01 3.622981481481509225e-01 4.113255291005303294e-01 4.611394179894178769e-01 5.331257936507921569e-01 5.975206349206331202e-01 6.542499999999973337e-01
7.581322751322674969e-02 7.763359788359708302e-02 7.965277777777693413e-02 8.565621693121595881e-02 8.889206349206260627e-02 9.777910052910004923e-02 1.097007936507933268e-01 1.249953703703701180e-01 1.438376984126982228e-01 1.598591269841267426e-01 1.798002645502640717e-01 2.093052910052916327e-01 2.470903439153454006e-01 2.769642857142874948e-01 3.229011904761929785e-01 3.765443121693138884e-01 4.293021164021165736e-01 4.957636243386235875e-01 5.508805555555541522e-01 6.263809523809501512e-01 7.044999999999981277e-01
7.736256613756538336e-02 7.804735449735367148e-02 8.350396825396726175e-02 8.646428571428471654e-02 9.089920634920545250e-02 1.058130952380947343e-01 1.124259259259256932e-01 1.219871693121692968e-01 1.390321428571427154e-01 1.628800264550259724e-01 1.878890211640211749e-01 2.110661375661383454e-01 2.398170634920645528e-01 2.825533068783096513e-01 3.278674603174634439e-01 3.749619047619070500e-01 4.319559523809535784e-01 5.085896825396815091e-01 5.834571428571414531e-01 6.543642857142843994e-01 7.604166666666666297e-01
8.062394179894102897e-02 8.012791005290917368e-02 8.163981481481392966e-02 8.531917989417883708e-02 9.276732804232731833e-02 9.904193121693082025e-02 1.102753968253965683e-01 1.204317460317459038e-01 1.392511904761903341e-01 1.607507936507931168e-01 1.844440476190477018e-01 2.099781746031751939e-01 2.479136243386260430e-01 2.808382275132294548e-01 3.267899470899493508e-01 3.874329365079386966e-01 4.448837301587306170e-01 5.186783068783061834e-01 5.912559523809516326e-01 6.788833333333325060e-01 7.677500000000000435e-01
7.579365079365013580e-02 7.757605820105746564e-02 8.180661375661285595e-02 8.402328042327936175e-02 8.861269841269739378e-02 9.948201058201000535e-02 1.087472222222218843e-01 1.268432539682540772e-01 1.389302910052908901e-01 1.622115079365078483e-01 1.873519841269840058e-01 2.083951058201066187e-01 2.469781746031760317e-01 2.840259259259281799e-01 3.402150793650831617e-01 3.784773809523827026e-01 4.405432539682542226e-01 5.165460317460305317e-01 5.868932539682529814e-01 6.745730158730145476e-01 7.644999999999999574e-01
7.566124338624272139e-02 7.659629629629564895e-02 7.854775132275049199e-02 8.855873015872928189e-02 9.610304232804162128e-02 1.012292328042322526e-01 1.139847883597881195e-01 1.280850529100528712e-01 1.373490740740737903e-01 1.585621693121691822e-01 1.880230158730155643e-01 2.108072751322750127e-01 2.453498677248692750e-01 2.795798941798956494e-01 3.303626984127009947e-01 3.863493386243405658e-01 4.487789682539689573e-01 5.184123015873006723e-01 5.991043650793631548e-01 6.729642857142850154e-01 7.576666666666667105e-01
7.863399470899383459e-02 7.594219576719501985e-02 8.293174603174506554e-02 8.342751322751225385e-02 9.442843915343858419e-02 1.032907407407403361e-01 1.125969576719574039e-01 1.211599206349203289e-01 1.386699735449733184e-01 1.600158730158726395e-01 1.850410052910050340e-01 2.104128306878307042e-01 2.425506613756621965e-01 2.945976190476213841e-01 3.416857142857170349e-01 3.869269841269864507e-01 4.550342592592601099e-01 5.096739417989407661e-01 5.950579365079354810e-01 6.713853174603160445e-01 7.690000000000000169e-01
7.887447089947006995e-02 7.717142857142768320e-02 8.141137566137468529e-02 8.690039682539595078e-02 9.194021164021091985e-02 9.812671957671886824e-02 1.095537037037033756e-01 1.266096560846560748e-01 1.394505291005291581e-01 1.601870370370367114e-01 1.833119047619045094e-01 2.148871693121696680e-01 2.497824074074088685e-01 2.928550264550283111e-01 3.343966931216965088e-01 3.898825396825417733e-01 4.559091269841268890e-01 5.170124338624331184e-01 5.907384920634910497e-01 6.735063492063476653e-01 7.664999999999999591e-01
8.123822751322652691e-02 7.923849206349116436e-02 8.417473544973437527e-02 8.946706349206245967e-02 9.430264550264490231e-02 1.000670634920631241e-01 1.106099206349203945e-01 1.295009259259256862e-01 1.377041005291004261e-01 1.568247354497351864e-01 1.870554232804230443e-01 2.110019841269844265e-01 2.424637566137577138e-01 2.802857142857160810e-01 3.402033068783094638e-01 3.959140211640231888e-01 4.478698412698414177e-01 5.065230158730154031e-01 6.060833333333318640e-01 6.769976190476179045e-01 7.558333333333333570e-01
7.469312169312099237e-02 8.280277777777671211e-02 8.187698412698309058e-02 9.052592592592505205e-02 9.293888888888812705e-02 1.013236772486768161e-01 1.100203703703700187e-01 1.230625661375660818e-01 1.394941798941799482e-01 1.621425925925923661e-01 1.909410052910049116e-01 2.147747354497355765e-01 2.550834656084668417e-01 2.808568783068798314e-01 3.309347883597910656e-01 3.921149470899493727e-01 4.381945767195775110e-01 5.371464285714280251e-01 5.982194444444433046e-01 6.794952380952371529e-01 7.686666666666667203e-01
8.030846560846464921e-02 8.472619047618930310e-02 8.504351851851736643e-02 8.865701058200960161e-02 9.468187830687764539e-02 1.055999999999996108e-01 1.143903439153435564e-01 1.216490740740739096e-01 1.404861111111110339e-01 1.551866402116397758e-01 1.844318783068783496e-01 2.122923280423289483e-01 2.427214285714302255e-01 2.860523809523831673e-01 3.430625661375694690e-01 3.845912698412715658e-01 4.503101851851855075e-01 5.343420634920634793e-01 6.121650793650780242e-01 6.806111111111100564e-01 7.678333333333333677e-01
7.893148148148061705e-02 8.197394179894069988e-02 8.682843915343813057e-02 9.035211640211543438e-02 9.318664021163948485e-02 9.973690476190427701e-02 1.080682539682535082e-01 1.311043650793650706e-01 1.412903439153438134e-01 1.622666666666662538e-01 1.877451058201057010e-01 2.145128306878305857e-01 2.447641534391544471e-01 2.858366402116421234e-01 3.378878306878337900e-01 3.901517195767216228e-01 4.427055555555565736e-01 5.229785714285700715e-01 5.817499999999989901e-01 6.831142857142850078e-01 7.520000000000000018e-01
8.119563492063391896e-02 8.209285714285623203e-02 8.416507936507824916e-02 8.934907407407316482e-02 9.806626984126917690e-02 1.024761904761899156e-01 1.112361111111107859e-01 1.261977513227513503e-01 1.409351851851851634e-01 1.609749999999997017e-01 1.871134920634919263e-01 2.124374338624342440e-01 2.487862433862445266e-01 2.857496031746055154e-01 3.313681216931248508e-01 3.817977513227537867e-01 4.438706349206356649e-01 5.204253968253956808e-01 6.003333333333321642e-01 6.807928571428565334e-01 7.584999999999999520e-01
9.154629629629554288e-02 9.122394179894113830e-02 9.245674603174527939e-02 9.441547619047555018e-02 1.015842592592588606e-01 1.063019841269839255e-01 1.158841269841267424e-01 1.248034391534390414e-01 1.419791005291002883e-01 1.540984126984123737e-01 1.694248677248672008e-01 1.949174603174600451e-01 2.194763227513233661e-01 2.537756613756628754e-01 2.951461640211658355e-01 3.372367724867753047e-01 3.950842592592606617e-01 4.658515873015874886e-01 5.463654761904755963e-01 6.506753968253954357e-01 7.580000000000000071e-01
