1.803000000000000000e+03 1.781000000000000000e+03 1.748000000000000000e+03 1.723000000000000000e+03 1.578000000000000000e+03 1.525000000000000000e+03 1.466000000000000000e+03 1.303000000000000000e+03 1.234000000000000000e+03 1.152000000000000000e+03 1.028000000000000000e+03 8.860000000000000000e+02 7.800000000000000000e+02 6.980000000000000000e+02 6.190000000000000000e+02 4.690000000000000000e+02 4.240000000000000000e+02 3.430000000000000000e+02 2.980000000000000000e+02 2.180000000000000000e+02 1.330000000000000000e+02
1.503000000000000000e+03 1.548000000000000000e+03 1.573000000000000000e+03 1.552000000000000000e+03 1.488000000000000000e+03 1.434000000000000000e+03 1.372000000000000000e+03 1.275000000000000000e+03 1.172000000000000000e+03 1.168000000000000000e+03 9.920000000000000000e+02 9.050000000000000000e+02 8.210000000000000000e+02 6.650000000000000000e+02 5.930000000000000000e+02 4.580000000000000000e+02 3.930000000000000000e+02 2.780000000000000000e+02 1.700000000000000000e+02 8.900000000000000000e+01 0.000000000000000000e+00
1.532000000000000000e+03 1.553000000000000000e+03 1.546000000000000000e+03 1.562000000000000000e+03 1.528000000000000000e+03 1.399000000000000000e+03 1.390000000000000000e+03 1.323000000000000000e+03 1.270000000000000000e+03 1.120000000000000000e+03 1.033000000000000000e+03 8.970000000000000000e+02 8.150000000000000000e+02 6.830000000000000000e+02 5.450000000000000000e+02 4.840000000000000000e+02 3.800000000000000000e+02 2.740000000000000000e+02 1.730000000000000000e+02 1.090000000000000000e+02 0.000000000000000000e+00
1.499000000000000000e+03 1.567000000000000000e+03 1.522000000000000000e+03 1.531000000000000000e+03 1.504000000000000000e+03 1.434000000000000000e+03 1.363000000000000000e+03 1.301000000000000000e+03 1.224000000000000000e+03 1.150000000000000000e+03 9.980000000000000000e+02 9.400000000000000000e+02 8.060000000000000000e+02 7.280000000000000000e+02 5.830000000000000000e+02 4.990000000000000000e+02 4.150000000000000000e+02 2.940000000000000000e+02 2.000000000000000000e+02 9.400000000000000000e+01 0.000000000000000000e+00
1.528000000000000000e+03 1.508000000000000000e+03 1.505000000000000000e+03 1.472000000000000000e+03 1.518000000000000000e+03 1.377000000000000000e+03 1.429000000000000000e+03 1.342000000000000000e+03 1.178000000000000000e+03 1.066000000000000000e+03 1.007000000000000000e+03 9.590000000000000000e+02 8.330000000000000000e+02 7.360000000000000000e+02 6.220000000000000000e+02 5.110000000000000000e+02 4.160000000000000000e+02 2.860000000000000000e+02 1.880000000000000000e+02 1.040000000000000000e+02 0.000000000000000000e+00
1.512000000000000000e+03 1.539000000000000000e+03 1.490000000000000000e+03 1.529000000000000000e+03 1.452000000000000000e+03 1.428000000000000000e+03 1.388000000000000000e+03 1.264000000000000000e+03 1.225000000000000000e+03 1.118000000000000000e+03 1.063000000000000000e+03 9.520000000000000000e+02 8.180000000000000000e+02 7.480000000000000000e+02 6.380000000000000000e+02 5.420000000000000000e+02 3.830000000000000000e+02 2.930000000000000000e+02 2.180000000000000000e+02 1.130000000000000000e+02 0.000000000000000000e+00
1.475000000000000000e+03 1.516000000000000000e+03 1.551000000000000000e+03 1.483000000000000000e+03 1.467000000000000000e+03 1.439000000000000000e+03 1.342000000000000000e+03 1.279000000000000000e+03 1.224000000000000000e+03 1.144000000000000000e+03 1.042000000000000000e+03 9.320000000000000000e+02 8.420000000000000000e+02 7.090000000000000000e+02 6.490000000000000000e+02 5.050000000000000000e+02 4.200000000000000000e+02 2.840000000000000000e+02 2.320000000000000000e+02 9.500000000000000000e+01 0.000000000000000000e+00
1.466000000000000000e+03 1.512000000000000000e+03 1.497000000000000000e+03 1.522000000000000000e+03 1.437000000000000000e+03 1.436000000000000000e+03 1.377000000000000000e+03 1.313000000000000000e+03 1.175000000000000000e+03 1.094000000000000000e+03 1.022000000000000000e+03 8.970000000000000000e+02 8.580000000000000000e+02 7.740000000000000000e+02 7.150000000000000000e+02 5.690000000000000000e+02 4.660000000000000000e+02 3.220000000000000000e+02 2.160000000000000000e+02 1.090000000000000000e+02 0.000000000000000000e+00
1.464000000000000000e+03 1.512000000000000000e+03 1.536000000000000000e+03 1.471000000000000000e+03 1.497000000000000000e+03 1.401000000000000000e+03 1.427000000000000000e+03 1.285000000000000000e+03 1.153000000000000000e+03 1.143000000000000000e+03 1.053000000000000000e+03 9.740000000000000000e+02 8.970000000000000000e+02 7.380000000000000000e+02 6.160000000000000000e+02 5.800000000000000000e+02 4.380000000000000000e+02 3.210000000000000000e+02 2.280000000000000000e+02 1.030000000000000000e+02 0.000000000000000000e+00
1.354000000000000000e+03 1.415000000000000000e+03 1.497000000000000000e+03 1.419000000000000000e+03 1.456000000000000000e+03 1.401000000000000000e+03 1.357000000000000000e+03 1.259000000000000000e+03 1.217000000000000000e+03 1.158000000000000000e+03 1.015000000000000000e+03 9.360000000000000000e+02 8.360000000000000000e+02 7.880000000000000000e+02 6.620000000000000000e+02 5.580000000000000000e+02 4.490000000000000000e+02 3.460000000000000000e+02 2.380000000000000000e+02 9.600000000000000000e+01 0.000000000000000000e+00
1.386000000000000000e+03 1.470000000000000000e+03 1.483000000000000000e+03 1.487000000000000000e+03 1.417000000000000000e+03 1.384000000000000000e+03 1.298000000000000000e+03 1.300000000000000000e+03 1.190000000000000000e+03 1.098000000000000000e+03 9.970000000000000000e+02 9.990000000000000000e+02 8.320000000000000000e+02 7.680000000000000000e+02 6.700000000000000000e+02 5.560000000000000000e+02 4.910000000000000000e+02 3.300000000000000000e+02 2.150000000000000000e+02 1.170000000000000000e+02 0.000000000000000000e+00
1.449000000000000000e+03 1.461000000000000000e+03 1.490000000000000000e+03 1.452000000000000000e+03 1.438000000000000000e+03 1.370000000000000000e+03 1.333000000000000000e+03 1.285000000000000000e+03 1.268000000000000000e+03 1.077000000000000000e+03 1.084000000000000000e+03 9.170000000000000000e+02 8.840000000000000000e+02 7.900000000000000000e+02 6.600000000000000000e+02 5.570000000000000000e+02 4.590000000000000000e+02 3.580000000000000000e+02 2.470000000000000000e+02 1.280000000000000000e+02 0.000000000000000000e+00
1.405000000000000000e+03 1.455000000000000000e+03 1.454000000000000000e+03 1.475000000000000000e+03 1.435000000000000000e+03 1.399000000000000000e+03 1.381000000000000000e+03 1.245000000000000000e+03 1.245000000000000000e+03 1.133000000000000000e+03 1.049000000000000000e+03 9.990000000000000000e+02 8.760000000000000000e+02 7.620000000000000000e+02 7.050000000000000000e+02 5.840000000000000000e+02 4.570000000000000000e+02 4.030000000000000000e+02 2.530000000000000000e+02 1.360000000000000000e+02 0.000000000000000000e+00
1.385000000000000000e+03 1.429000000000000000e+03 1.457000000000000000e+03 1.428000000000000000e+03 1.472000000000000000e+03 1.343000000000000000e+03 1.338000000000000000e+03 1.251000000000000000e+03 1.219000000000000000e+03 1.151000000000000000e+03 1.012000000000000000e+03 9.450000000000000000e+02 9.320000000000000000e+02 7.670000000000000000e+02 7.000000000000000000e+02 5.500000000000000000e+02 4.870000000000000000e+02 3.570000000000000000e+02 2.500000000000000000e+02 1.160000000000000000e+02 0.000000000000000000e+00
1.378000000000000000e+03 1.387000000000000000e+03 1.391000000000000000e+03 1.394000000000000000e+03 1.410000000000000000e+03 1.387000000000000000e+03 1.278000000000000000e+03 1.292000000000000000e+03 1.200000000000000000e+03 1.164000000000000000e+03 1.075000000000000000e+03 1.006000000000000000e+03 9.160000000000000000e+02 8.030000000000000000e+02 7.200000000000000000e+02 5.930000000000000000e+02 4.890000000000000000e+02 3.720000000000000000e+02 2.430000000000000000e+02 1.210000000000000000e+02 0.000000000000000000e+00
1.414000000000000000e+03 1.426000000000000000e+03 1.446000000000000000e+03 1.488000000000000000e+03 1.384000000000000000e+03 1.337000000000000000e+03 1.307000000000000000e+03 1.281000000000000000e+03 1.252000000000000000e+03 1.127000000000000000e+03 1.056000000000000000e+03 9.820000000000000000e+02 9.820000000000000000e+02 8.020000000000000000e+02 7.120000000000000000e+02 6.180000000000000000e+02 5.160000000000000000e+02 3.860000000000000000e+02 2.780000000000000000e+02 1.090000000000000000e+02 0.000000000000000000e+00
1.439000000000000000e+03 1.350000000000000000e+03 1.449000000000000000e+03 1.408000000000000000e+03 1.405000000000000000e+03 1.324000000000000000e+03 1.354000000000000000e+03 1.262000000000000000e+03 1.256000000000000000e+03 1.159000000000000000e+03 1.022000000000000000e+03 1.020000000000000000e+03 9.190000000000000000e+02 8.370000000000000000e+02 7.350000000000000000e+02 5.420000000000000000e+02 5.000000000000000000e+02 3.600000000000000000e+02 2.540000000000000000e+02 1.480000000000000000e+02 0.000000000000000000e+00
1.442000000000000000e+03 1.406000000000000000e+03 1.388000000000000000e+03 1.445000000000000000e+03 1.409000000000000000e+03 1.322000000000000000e+03 1.339000000000000000e+03 1.300000000000000000e+03 1.261000000000000000e+03 1.175000000000000000e+03 1.123000000000000000e+03 9.860000000000000000e+02 8.860000000000000000e+02 8.280000000000000000e+02 7.380000000000000000e+02 5.730000000000000000e+02 5.070000000000000000e+02 3.800000000000000000e+02 2.690000000000000000e+02 1.250000000000000000e+02 0.000000000000000000e+00
1.384000000000000000e+03 1.425000000000000000e+03 1.383000000000000000e+03 1.403000000000000000e+03 1.389000000000000000e+03 1.355000000000000000e+03 1.309000000000000000e+03 1.247000000000000000e+03 1.193000000000000000e+03 1.129000000000000000e+03 1.063000000000000000e+03 1.009000000000000000e+03 9.480000000000000000e+02 8.170000000000000000e+02 7.170000000000000000e+02 5.680000000000000000e+02 4.910000000000000000e+02 3.520000000000000000e+02 2.340000000000000000e+02 1.420000000000000000e+02 0.000000000000000000e+00
1.349000000000000000e+03 1.362000000000000000e+03 1.372000000000000000e+03 1.409000000000000000e+03 1.403000000000000000e+03 1.382000000000000000e+03 1.325000000000000000e+03 1.258000000000000000e+03 1.244000000000000000e+03 1.162000000000000000e+03 1.067000000000000000e+03 9.840000000000000000e+02 9.310000000000000000e+02 8.130000000000000000e+02 7.380000000000000000e+02 6.290000000000000000e+02 5.050000000000000000e+02 3.840000000000000000e+02 2.560000000000000000e+02 1.360000000000000000e+02 0.000000000000000000e+00
1.177000000000000000e+03 1.265000000000000000e+03 1.254000000000000000e+03 1.299000000000000000e+03 1.331000000000000000e+03 1.307000000000000000e+03 1.294000000000000000e+03 1.263000000000000000e+03 1.241000000000000000e+03 1.222000000000000000e+03 1.121000000000000000e+03 1.089000000000000000e+03 1.007000000000000000e+03 8.710000000000000000e+02 8.120000000000000000e+02 6.740000000000000000e+02 5.860000000000000000e+02 4.600000000000000000e+02 3.200000000000000000e+02 1.780000000000000000e+02 0.000000000000000000e+00
