2.226999999999999869e+00 2.570666666666666877e+00 2.811333333333333240e+00 2.943666666666666654e+00 3.254666666666666597e+00 3.413666666666666849e+00 3.690999999999999837e+00 3.938666666666666760e+00 4.155999999999999694e+00 4.385333333333333528e+00 4.584666666666666224e+00 4.730000000000000426e+00 4.929000000000000270e+00 5.075333333333333030e+00 5.298000000000000043e+00 5.447333333333332916e+00 5.514333333333333087e+00 5.585333333333333705e+00 5.718333333333333712e+00 5.770666666666667055e+00 5.830333333333332924e+00
2.326000000000000068e+00 2.519000000000000128e+00 2.766999999999999904e+00 3.087333333333333485e+00 3.262666666666666604e+00 3.491999999999999993e+00 3.632333333333333414e+00 3.895666666666666611e+00 4.101333333333333719e+00 4.296999999999999709e+00 4.581000000000000405e+00 4.775666666666666949e+00 4.939000000000000057e+00 5.185999999999999943e+00 5.302333333333333343e+00 5.427666666666667084e+00 5.532000000000000028e+00 5.639000000000000234e+00 5.752333333333333520e+00 5.870666666666666700e+00 5.942000000000000171e+00
2.266666666666666607e+00 2.566333333333333133e+00 2.756666666666666821e+00 2.935333333333333350e+00 3.239666666666666472e+00 3.422666666666666746e+00 3.670999999999999819e+00 3.900666666666666504e+00 4.136333333333332973e+00 4.432666666666666977e+00 4.589000000000000412e+00 4.841666666666666785e+00 4.980999999999999872e+00 5.268666666666666387e+00 5.372333333333333627e+00 5.535666666666666735e+00 5.693333333333333357e+00 5.794666666666667076e+00 5.898333333333333428e+00 5.937333333333333130e+00 5.964000000000000412e+00
2.364666666666666472e+00 2.600999999999999979e+00 2.831999999999999851e+00 3.032333333333333325e+00 3.231666666666666465e+00 3.462333333333333485e+00 3.708333333333333481e+00 3.850000000000000089e+00 4.161333333333333329e+00 4.347666666666667012e+00 4.609333333333333727e+00 4.831999999999999851e+00 4.999666666666666259e+00 5.098333333333333606e+00 5.347333333333333272e+00 5.495333333333332959e+00 5.642666666666666941e+00 5.790666666666666629e+00 5.886999999999999567e+00 5.974000000000000199e+00 5.969333333333333158e+00
2.358333333333333393e+00 2.658999999999999808e+00 2.848666666666666458e+00 3.039000000000000146e+00 3.268666666666666831e+00 3.505666666666666487e+00 3.609666666666666579e+00 3.943000000000000060e+00 3.996999999999999886e+00 4.294666666666667076e+00 4.495000000000000107e+00 4.708666666666666778e+00 4.931000000000000050e+00 5.060666666666667091e+00 5.282000000000000028e+00 5.506666666666666821e+00 5.659333333333333549e+00 5.754333333333333300e+00 5.855000000000000426e+00 5.937666666666666870e+00 5.999666666666666259e+00
2.445666666666666877e+00 2.613666666666666583e+00 2.879333333333333300e+00 3.048666666666666636e+00 3.295999999999999819e+00 3.432666666666666533e+00 3.738333333333333286e+00 3.838999999999999968e+00 4.019333333333332980e+00 4.154666666666666508e+00 4.451333333333333364e+00 4.669666666666667076e+00 4.819333333333333691e+00 5.041999999999999815e+00 5.252333333333333520e+00 5.391000000000000014e+00 5.549999999999999822e+00 5.671666666666666856e+00 5.746999999999999886e+00 5.862666666666666693e+00 5.940666666666666984e+00
2.487666666666666693e+00 2.700000000000000178e+00 2.864333333333333176e+00 3.025999999999999801e+00 3.220666666666666789e+00 3.445333333333333137e+00 3.616666666666666696e+00 3.779666666666666508e+00 4.028333333333333321e+00 4.231333333333333613e+00 4.399666666666666615e+00 4.682000000000000384e+00 4.794999999999999929e+00 5.035999999999999588e+00 5.177999999999999936e+00 5.320000000000000284e+00 5.512666666666667048e+00 5.652999999999999581e+00 5.823000000000000398e+00 5.889000000000000234e+00 5.921999999999999709e+00
2.436666666666666536e+00 2.670666666666666522e+00 2.877333333333333520e+00 3.138999999999999790e+00 3.269000000000000128e+00 3.338666666666666671e+00 3.556666666666666643e+00 3.855333333333333279e+00 3.998333333333333517e+00 4.317999999999999616e+00 4.431000000000000050e+00 4.666666666666666963e+00 4.836333333333333151e+00 4.985333333333333172e+00 5.211666666666666892e+00 5.307333333333333236e+00 5.440999999999999837e+00 5.633666666666666600e+00 5.716000000000000192e+00 5.844000000000000306e+00 5.881333333333333080e+00
2.422000000000000153e+00 2.734333333333333282e+00 2.880999999999999783e+00 2.993666666666666476e+00 3.265333333333333421e+00 3.394666666666666721e+00 3.616666666666666696e+00 3.865000000000000213e+00 3.987333333333333396e+00 4.166000000000000369e+00 4.450666666666666771e+00 4.553333333333333677e+00 4.810333333333333350e+00 4.997333333333333627e+00 5.168333333333333002e+00 5.317999999999999616e+00 5.477000000000000313e+00 5.559666666666666757e+00 5.613000000000000433e+00 5.713666666666666671e+00 5.788000000000000256e+00
2.616999999999999993e+00 2.732333333333333503e+00 3.020333333333333314e+00 3.052000000000000046e+00 3.321333333333333471e+00 3.410333333333333439e+00 3.644333333333333425e+00 3.733000000000000096e+00 3.918333333333333446e+00 4.155666666666666842e+00 4.256333333333333080e+00 4.516333333333333755e+00 4.667333333333333556e+00 4.879333333333333300e+00 5.044999999999999929e+00 5.250333333333333741e+00 5.429999999999999716e+00 5.475999999999999979e+00 5.573666666666666991e+00 5.682000000000000384e+00 5.721666666666666679e+00
2.683666666666666867e+00 2.816666666666666874e+00 2.986333333333333506e+00 3.013999999999999790e+00 3.193999999999999950e+00 3.376333333333333186e+00 3.549666666666666526e+00 3.789666666666666739e+00 3.960666666666666558e+00 4.059333333333333016e+00 4.302999999999999936e+00 4.509000000000000341e+00 4.700666666666666771e+00 4.791666666666666963e+00 5.003000000000000114e+00 5.178666666666666529e+00 5.344333333333333158e+00 5.442000000000000171e+00 5.589999999999999858e+00 5.678333333333333677e+00 5.777000000000000135e+00
2.812666666666666870e+00 2.830000000000000071e+00 3.096333333333333382e+00 3.114666666666666472e+00 3.233999999999999986e+00 3.418666666666666742e+00 3.523333333333333428e+00 3.692666666666666764e+00 3.878000000000000114e+00 4.086000000000000298e+00 4.209333333333333371e+00 4.415666666666666629e+00 4.565000000000000391e+00 4.827333333333333698e+00 4.940999999999999837e+00 5.146666666666666501e+00 5.328666666666666885e+00 5.377666666666666373e+00 5.625000000000000000e+00 5.711999999999999744e+00 5.825333333333333030e+00
2.920666666666666522e+00 2.910333333333333439e+00 2.996666666666666590e+00 3.179666666666666863e+00 3.246333333333333293e+00 3.373666666666666814e+00 3.453333333333333144e+00 3.562333333333333130e+00 3.821000000000000174e+00 3.968333333333333268e+00 4.226333333333333719e+00 4.328000000000000291e+00 4.553333333333333677e+00 4.793999999999999595e+00 4.927333333333333343e+00 5.087333333333333485e+00 5.293999999999999595e+00 5.481666666666666465e+00 5.631666666666666821e+00 5.727999999999999758e+00 5.897000000000000242e+00
2.952666666666666551e+00 2.936666666666666536e+00 3.082666666666666888e+00 3.213666666666666671e+00 3.169333333333333336e+00 3.364333333333333176e+00 3.448666666666666547e+00 3.619666666666666810e+00 3.731333333333333169e+00 3.953666666666666885e+00 4.113333333333333286e+00 4.301666666666666750e+00 4.458333333333333037e+00 4.657666666666666622e+00 4.899666666666666615e+00 5.083999999999999631e+00 5.285333333333332995e+00 5.401666666666666394e+00 5.584333333333333371e+00 5.714666666666667005e+00 5.873999999999999666e+00
2.966000000000000192e+00 3.053666666666666529e+00 3.101333333333333275e+00 3.188000000000000167e+00 3.224333333333333496e+00 3.269333333333333425e+00 3.474000000000000199e+00 3.590666666666666451e+00 3.738666666666666583e+00 3.854333333333333389e+00 3.995999999999999996e+00 4.329666666666666330e+00 4.428333333333333677e+00 4.691666666666666430e+00 4.828666666666666885e+00 5.038999999999999702e+00 5.221000000000000085e+00 5.339666666666667005e+00 5.461666666666666892e+00 5.502333333333333520e+00 5.636000000000000121e+00
2.960333333333333261e+00 3.092666666666666675e+00 3.129000000000000004e+00 3.152666666666666728e+00 3.275999999999999801e+00 3.407666666666666622e+00 3.399999999999999911e+00 3.552333333333333343e+00 3.740666666666666806e+00 3.837000000000000188e+00 4.019666666666666721e+00 4.181666666666666643e+00 4.429333333333333123e+00 4.670666666666666522e+00 4.863333333333333286e+00 4.982999999999999652e+00 5.157000000000000028e+00 5.344999999999999751e+00 5.463666666666666671e+00 5.551666666666666750e+00 5.660000000000000142e+00
3.172000000000000153e+00 3.255666666666666487e+00 3.128666666666666707e+00 3.229999999999999982e+00 3.178333333333333233e+00 3.304666666666666863e+00 3.345000000000000195e+00 3.400666666666666504e+00 3.502666666666666817e+00 3.631666666666666821e+00 3.758666666666666600e+00 3.880666666666666487e+00 4.038000000000000256e+00 4.202666666666666551e+00 4.297666666666666302e+00 4.431000000000000050e+00 4.600333333333333385e+00 4.754333333333333300e+00 4.793666666666666742e+00 4.887666666666667048e+00 4.853333333333333499e+00
3.607666666666666799e+00 3.518666666666666831e+00 3.435999999999999943e+00 3.371666666666666590e+00 3.323999999999999844e+00 3.110333333333333172e+00 3.036666666666666625e+00 2.941666666666666874e+00 2.883333333333333304e+00 2.742666666666666586e+00 2.734999999999999876e+00 2.692333333333333467e+00 2.672666666666666746e+00 2.678333333333333233e+00 2.656000000000000139e+00 2.606333333333333169e+00 2.730666666666666575e+00 2.666999999999999815e+00 2.710999999999999854e+00 2.665666666666666629e+00 2.604666666666666686e+00
3.866999999999999993e+00 3.817666666666666764e+00 3.594333333333333158e+00 3.442666666666666764e+00 3.221666666666666679e+00 3.045333333333333226e+00 2.971333333333333382e+00 2.816666666666666874e+00 2.567000000000000171e+00 2.395000000000000018e+00 2.270333333333333314e+00 2.082666666666666888e+00 1.925666666666666638e+00 1.780999999999999917e+00 1.576000000000000068e+00 1.526666666666666616e+00 1.375999999999999890e+00 1.279666666666666730e+00 1.203333333333333366e+00 1.124000000000000110e+00 1.014666666666666606e+00
3.776666666666666838e+00 3.627333333333333520e+00 3.556333333333333346e+00 3.393333333333333535e+00 3.193000000000000060e+00 3.080999999999999961e+00 2.923333333333333339e+00 2.738999999999999879e+00 2.636333333333333417e+00 2.377333333333333520e+00 2.195666666666666877e+00 2.146333333333333204e+00 1.983333333333333393e+00 1.813333333333333242e+00 1.640666666666666718e+00 1.495000000000000107e+00 1.421999999999999931e+00 1.252999999999999892e+00 1.181000000000000050e+00 1.078000000000000069e+00 1.037333333333333441e+00
3.874333333333333407e+00 3.728000000000000203e+00 3.607666666666666799e+00 3.398666666666666725e+00 3.182333333333333236e+00 3.162999999999999812e+00 2.874000000000000110e+00 2.775666666666666504e+00 2.590333333333333155e+00 2.470000000000000195e+00 2.326666666666666661e+00 2.232666666666666799e+00 2.058333333333333126e+00 1.920333333333333226e+00 1.805333333333333234e+00 1.637666666666666604e+00 1.459999999999999964e+00 1.243666666666666698e+00 1.086999999999999966e+00 8.743333333333332957e-01 6.373333333333333073e-01
