1.413000000000000000e+03 1.173000000000000000e+03 1.048000000000000000e+03 9.730000000000000000e+02 7.740000000000000000e+02 7.020000000000000000e+02 5.620000000000000000e+02 4.540000000000000000e+02 3.880000000000000000e+02 3.160000000000000000e+02 2.490000000000000000e+02 1.970000000000000000e+02 1.710000000000000000e+02 1.250000000000000000e+02 8.300000000000000000e+01 6.600000000000000000e+01 5.300000000000000000e+01 3.800000000000000000e+01 1.400000000000000000e+01 1.100000000000000000e+01 0.000000000000000000e+00
1.376000000000000000e+03 1.241000000000000000e+03 1.060000000000000000e+03 8.890000000000000000e+02 7.690000000000000000e+02 6.860000000000000000e+02 5.850000000000000000e+02 4.710000000000000000e+02 3.880000000000000000e+02 3.030000000000000000e+02 2.360000000000000000e+02 2.130000000000000000e+02 1.550000000000000000e+02 1.020000000000000000e+02 8.200000000000000000e+01 6.300000000000000000e+01 5.100000000000000000e+01 4.000000000000000000e+01 2.600000000000000000e+01 1.000000000000000000e+01 0.000000000000000000e+00
1.420000000000000000e+03 1.217000000000000000e+03 1.074000000000000000e+03 9.600000000000000000e+02 7.990000000000000000e+02 6.610000000000000000e+02 5.600000000000000000e+02 4.520000000000000000e+02 3.710000000000000000e+02 3.040000000000000000e+02 2.480000000000000000e+02 1.870000000000000000e+02 1.540000000000000000e+02 1.090000000000000000e+02 9.400000000000000000e+01 8.200000000000000000e+01 4.900000000000000000e+01 3.200000000000000000e+01 1.200000000000000000e+01 1.000000000000000000e+01 0.000000000000000000e+00
1.366000000000000000e+03 1.201000000000000000e+03 1.014000000000000000e+03 9.170000000000000000e+02 7.900000000000000000e+02 6.790000000000000000e+02 5.350000000000000000e+02 4.950000000000000000e+02 3.790000000000000000e+02 3.430000000000000000e+02 2.490000000000000000e+02 1.940000000000000000e+02 1.650000000000000000e+02 1.370000000000000000e+02 8.900000000000000000e+01 6.800000000000000000e+01 5.500000000000000000e+01 3.800000000000000000e+01 2.400000000000000000e+01 4.000000000000000000e+00 0.000000000000000000e+00
1.393000000000000000e+03 1.183000000000000000e+03 1.028000000000000000e+03 9.150000000000000000e+02 7.620000000000000000e+02 6.380000000000000000e+02 6.170000000000000000e+02 4.460000000000000000e+02 4.180000000000000000e+02 3.180000000000000000e+02 2.410000000000000000e+02 2.170000000000000000e+02 1.750000000000000000e+02 1.440000000000000000e+02 9.800000000000000000e+01 7.800000000000000000e+01 5.500000000000000000e+01 3.400000000000000000e+01 2.100000000000000000e+01 9.000000000000000000e+00 0.000000000000000000e+00
1.332000000000000000e+03 1.186000000000000000e+03 1.047000000000000000e+03 8.950000000000000000e+02 7.370000000000000000e+02 6.710000000000000000e+02 5.240000000000000000e+02 4.940000000000000000e+02 4.180000000000000000e+02 3.700000000000000000e+02 2.690000000000000000e+02 2.100000000000000000e+02 1.760000000000000000e+02 1.360000000000000000e+02 8.900000000000000000e+01 7.900000000000000000e+01 5.300000000000000000e+01 2.900000000000000000e+01 2.200000000000000000e+01 1.200000000000000000e+01 0.000000000000000000e+00
1.324000000000000000e+03 1.185000000000000000e+03 1.066000000000000000e+03 9.320000000000000000e+02 8.100000000000000000e+02 6.530000000000000000e+02 5.880000000000000000e+02 4.970000000000000000e+02 4.260000000000000000e+02 3.420000000000000000e+02 2.700000000000000000e+02 2.240000000000000000e+02 1.790000000000000000e+02 1.240000000000000000e+02 1.080000000000000000e+02 8.400000000000000000e+01 5.400000000000000000e+01 5.000000000000000000e+01 1.300000000000000000e+01 5.000000000000000000e+00 0.000000000000000000e+00
1.366000000000000000e+03 1.203000000000000000e+03 1.034000000000000000e+03 8.790000000000000000e+02 7.720000000000000000e+02 7.020000000000000000e+02 6.460000000000000000e+02 4.710000000000000000e+02 4.030000000000000000e+02 2.910000000000000000e+02 2.960000000000000000e+02 1.950000000000000000e+02 1.540000000000000000e+02 1.390000000000000000e+02 1.000000000000000000e+02 8.600000000000000000e+01 6.100000000000000000e+01 2.900000000000000000e+01 2.400000000000000000e+01 9.000000000000000000e+00 0.000000000000000000e+00
1.368000000000000000e+03 1.160000000000000000e+03 1.034000000000000000e+03 9.470000000000000000e+02 7.500000000000000000e+02 7.000000000000000000e+02 5.680000000000000000e+02 4.630000000000000000e+02 3.950000000000000000e+02 3.490000000000000000e+02 2.440000000000000000e+02 2.220000000000000000e+02 1.640000000000000000e+02 1.250000000000000000e+02 1.020000000000000000e+02 7.600000000000000000e+01 5.000000000000000000e+01 3.100000000000000000e+01 1.700000000000000000e+01 9.000000000000000000e+00 0.000000000000000000e+00
1.296000000000000000e+03 1.196000000000000000e+03 9.930000000000000000e+02 9.290000000000000000e+02 7.370000000000000000e+02 7.010000000000000000e+02 5.510000000000000000e+02 5.010000000000000000e+02 4.120000000000000000e+02 3.340000000000000000e+02 2.770000000000000000e+02 2.090000000000000000e+02 1.700000000000000000e+02 1.420000000000000000e+02 9.600000000000000000e+01 8.500000000000000000e+01 4.200000000000000000e+01 3.600000000000000000e+01 1.900000000000000000e+01 1.200000000000000000e+01 0.000000000000000000e+00
1.294000000000000000e+03 1.144000000000000000e+03 9.910000000000000000e+02 9.420000000000000000e+02 8.150000000000000000e+02 7.090000000000000000e+02 5.680000000000000000e+02 4.780000000000000000e+02 3.990000000000000000e+02 3.600000000000000000e+02 2.700000000000000000e+02 2.100000000000000000e+02 1.740000000000000000e+02 1.430000000000000000e+02 9.000000000000000000e+01 9.400000000000000000e+01 6.200000000000000000e+01 4.200000000000000000e+01 2.200000000000000000e+01 1.600000000000000000e+01 0.000000000000000000e+00
1.249000000000000000e+03 1.167000000000000000e+03 9.750000000000000000e+02 9.290000000000000000e+02 8.060000000000000000e+02 6.740000000000000000e+02 5.870000000000000000e+02 5.010000000000000000e+02 4.260000000000000000e+02 3.330000000000000000e+02 3.060000000000000000e+02 2.380000000000000000e+02 2.080000000000000000e+02 1.480000000000000000e+02 1.250000000000000000e+02 1.000000000000000000e+02 4.500000000000000000e+01 4.800000000000000000e+01 1.000000000000000000e+01 1.000000000000000000e+01 0.000000000000000000e+00
1.192000000000000000e+03 1.130000000000000000e+03 1.021000000000000000e+03 8.720000000000000000e+02 7.930000000000000000e+02 6.780000000000000000e+02 6.400000000000000000e+02 5.350000000000000000e+02 4.520000000000000000e+02 3.780000000000000000e+02 2.850000000000000000e+02 2.770000000000000000e+02 1.880000000000000000e+02 1.660000000000000000e+02 1.380000000000000000e+02 8.900000000000000000e+01 5.900000000000000000e+01 3.000000000000000000e+01 1.900000000000000000e+01 1.700000000000000000e+01 0.000000000000000000e+00
1.192000000000000000e+03 1.132000000000000000e+03 9.980000000000000000e+02 8.380000000000000000e+02 8.350000000000000000e+02 6.730000000000000000e+02 5.930000000000000000e+02 5.100000000000000000e+02 4.590000000000000000e+02 3.560000000000000000e+02 3.130000000000000000e+02 2.330000000000000000e+02 1.960000000000000000e+02 1.430000000000000000e+02 1.220000000000000000e+02 8.700000000000000000e+01 6.500000000000000000e+01 5.200000000000000000e+01 2.200000000000000000e+01 9.000000000000000000e+00 0.000000000000000000e+00
1.190000000000000000e+03 1.070000000000000000e+03 9.730000000000000000e+02 8.760000000000000000e+02 7.990000000000000000e+02 7.430000000000000000e+02 6.440000000000000000e+02 5.070000000000000000e+02 4.480000000000000000e+02 3.930000000000000000e+02 3.190000000000000000e+02 2.380000000000000000e+02 2.160000000000000000e+02 1.520000000000000000e+02 1.170000000000000000e+02 9.500000000000000000e+01 6.600000000000000000e+01 3.900000000000000000e+01 3.800000000000000000e+01 1.000000000000000000e+01 0.000000000000000000e+00
1.193000000000000000e+03 1.052000000000000000e+03 9.470000000000000000e+02 9.110000000000000000e+02 7.700000000000000000e+02 6.540000000000000000e+02 6.520000000000000000e+02 5.360000000000000000e+02 4.230000000000000000e+02 3.920000000000000000e+02 3.240000000000000000e+02 2.670000000000000000e+02 2.070000000000000000e+02 1.650000000000000000e+02 1.390000000000000000e+02 1.060000000000000000e+02 6.100000000000000000e+01 5.100000000000000000e+01 3.000000000000000000e+01 1.200000000000000000e+01 0.000000000000000000e+00
1.121000000000000000e+03 9.840000000000000000e+02 9.910000000000000000e+02 8.710000000000000000e+02 8.050000000000000000e+02 6.940000000000000000e+02 6.460000000000000000e+02 5.720000000000000000e+02 5.100000000000000000e+02 4.440000000000000000e+02 3.820000000000000000e+02 3.240000000000000000e+02 2.880000000000000000e+02 2.030000000000000000e+02 1.900000000000000000e+02 1.090000000000000000e+02 1.030000000000000000e+02 7.000000000000000000e+01 5.000000000000000000e+01 1.500000000000000000e+01 0.000000000000000000e+00
9.640000000000000000e+02 9.370000000000000000e+02 8.950000000000000000e+02 8.160000000000000000e+02 7.860000000000000000e+02 7.340000000000000000e+02 7.230000000000000000e+02 6.550000000000000000e+02 5.990000000000000000e+02 5.820000000000000000e+02 5.090000000000000000e+02 4.730000000000000000e+02 3.820000000000000000e+02 3.540000000000000000e+02 2.750000000000000000e+02 2.300000000000000000e+02 1.760000000000000000e+02 1.430000000000000000e+02 8.900000000000000000e+01 4.000000000000000000e+01 0.000000000000000000e+00
9.050000000000000000e+02 8.430000000000000000e+02 8.410000000000000000e+02 8.180000000000000000e+02 7.920000000000000000e+02 7.540000000000000000e+02 7.040000000000000000e+02 6.080000000000000000e+02 6.100000000000000000e+02 5.560000000000000000e+02 5.160000000000000000e+02 4.480000000000000000e+02 4.210000000000000000e+02 3.730000000000000000e+02 3.290000000000000000e+02 2.420000000000000000e+02 2.020000000000000000e+02 1.330000000000000000e+02 8.400000000000000000e+01 4.200000000000000000e+01 0.000000000000000000e+00
9.730000000000000000e+02 9.410000000000000000e+02 8.750000000000000000e+02 8.490000000000000000e+02 8.080000000000000000e+02 7.420000000000000000e+02 7.220000000000000000e+02 6.380000000000000000e+02 5.800000000000000000e+02 5.640000000000000000e+02 5.300000000000000000e+02 4.720000000000000000e+02 4.120000000000000000e+02 3.290000000000000000e+02 2.740000000000000000e+02 2.610000000000000000e+02 1.810000000000000000e+02 1.750000000000000000e+02 9.900000000000000000e+01 5.600000000000000000e+01 0.000000000000000000e+00
8.510000000000000000e+02 8.140000000000000000e+02 8.000000000000000000e+02 7.910000000000000000e+02 8.270000000000000000e+02 7.230000000000000000e+02 7.610000000000000000e+02 7.070000000000000000e+02 6.880000000000000000e+02 6.420000000000000000e+02 5.810000000000000000e+02 4.770000000000000000e+02 4.770000000000000000e+02 3.690000000000000000e+02 3.280000000000000000e+02 2.640000000000000000e+02 2.240000000000000000e+02 1.480000000000000000e+02 8.400000000000000000e+01 4.200000000000000000e+01 0.000000000000000000e+00
