2.290000000000000000e+02
1.150000000000000000e+02
1.630000000000000000e+02
1.090000000000000000e+02
2.000000000000000000e+02
1.540000000000000000e+02
1.520000000000000000e+02
2.360000000000000000e+02
2.190000000000000000e+02
1.740000000000000000e+02
1.510000000000000000e+02
1.340000000000000000e+02
1.540000000000000000e+02
1.480000000000000000e+02
1.590000000000000000e+02
1.290000000000000000e+02
1.620000000000000000e+02
1.450000000000000000e+02
1.610000000000000000e+02
1.480000000000000000e+02
1.380000000000000000e+02
