7.123333333333333739e-01
5.956666666666666776e-01
4.576666666666666661e-01
5.826666666666666661e-01
4.593333333333333157e-01
5.240000000000000213e-01
5.320000000000000284e-01
4.626666666666666705e-01
5.659999999999999476e-01
5.133333333333333082e-01
5.203333333333333144e-01
5.963333333333333819e-01
6.146666666666666945e-01
5.876666666666666705e-01
7.289999999999999813e-01
9.569999999999999618e-01
1.009666666666666712e+00
1.291666666666666741e+00
7.736666666666666137e-01
1.577666666666666773e+00
2.042666666666666853e+00
