1.718666666666666565e+00
2.018666666666666831e+00
1.917666666666666631e+00
1.953999999999999959e+00
1.629999999999999893e+00
1.711000000000000076e+00
1.725666666666666682e+00
1.839333333333333265e+00
1.797333333333333227e+00
2.015333333333333421e+00
2.205666666666666664e+00
2.306999999999999940e+00
2.352333333333333165e+00
1.945000000000000062e+00
2.282999999999999918e+00
2.558333333333333126e+00
2.353666666666666796e+00
2.376999999999999780e+00
2.284333333333333549e+00
2.738333333333333286e+00
3.060000000000000053e+00
