4.710000000000000000e+02
3.660000000000000000e+02
4.110000000000000000e+02
3.980000000000000000e+02
3.680000000000000000e+02
4.210000000000000000e+02
3.760000000000000000e+02
3.710000000000000000e+02
4.000000000000000000e+02
3.480000000000000000e+02
3.880000000000000000e+02
3.600000000000000000e+02
3.720000000000000000e+02
4.220000000000000000e+02
4.070000000000000000e+02
4.060000000000000000e+02
4.040000000000000000e+02
4.310000000000000000e+02
4.320000000000000000e+02
4.670000000000000000e+02
3.600000000000000000e+02
