2.490666666666666806e+00 1.614999999999999991e+00 1.808999999999999941e+00 1.733333333333333393e+00 1.357666666666666577e+00 1.462666666666666559e+00 1.406666666666666732e+00 1.352333333333333387e+00 1.627000000000000002e+00 1.419999999999999929e+00
2.081999999999999851e+00 1.513666666666666716e+00 1.253666666666666707e+00 1.314666666666666650e+00 1.268333333333333313e+00 1.131999999999999895e+00 1.261666666666666714e+00 1.155999999999999917e+00 1.130333333333333412e+00 1.181999999999999940e+00
2.084999999999999964e+00 1.133333333333333304e+00 1.099666666666666570e+00 1.274333333333333318e+00 1.192666666666666764e+00 1.171999999999999931e+00 1.194666666666666766e+00 1.106333333333333391e+00 1.106666666666666687e+00 1.154666666666666730e+00
1.931666666666666643e+00 1.101666666666666572e+00 1.149333333333333318e+00 1.119333333333333291e+00 1.075333333333333252e+00 1.173999999999999932e+00 1.087666666666666559e+00 1.130333333333333412e+00 1.129000000000000004e+00 1.192333333333333245e+00
1.664333333333333442e+00 1.105333333333333279e+00 1.052000000000000046e+00 1.090999999999999970e+00 9.916666666666666963e-01 1.090333333333333377e+00 1.048000000000000043e+00 1.028666666666666618e+00 1.076666666666666661e+00 1.010666666666666602e+00
1.495333333333333403e+00 1.187000000000000055e+00 1.073333333333333250e+00 1.059333333333333238e+00 1.096333333333333382e+00 1.106333333333333391e+00 1.018333333333333313e+00 1.167666666666666631e+00 1.048333333333333339e+00 1.084333333333333371e+00
1.729666666666666686e+00 1.075666666666666771e+00 1.078000000000000069e+00 1.100333333333333385e+00 1.152333333333333432e+00 1.027666666666666728e+00 1.024666666666666615e+00 9.956666666666666998e-01 1.076000000000000068e+00 1.044000000000000039e+00
1.897000000000000020e+00 1.148666666666666725e+00 1.011666666666666714e+00 1.056999999999999940e+00 1.012000000000000011e+00 1.010000000000000009e+00 1.048000000000000043e+00 9.916666666666666963e-01 1.162666666666666737e+00 9.976666666666667016e-01
1.620666666666666700e+00 1.066000000000000059e+00 1.066333333333333355e+00 1.056333333333333346e+00 1.060000000000000053e+00 1.065666666666666762e+00 1.017333333333333423e+00 1.026999999999999913e+00 1.038999999999999924e+00 1.014000000000000012e+00
1.698666666666666769e+00 1.028999999999999915e+00 1.066000000000000059e+00 1.008333333333333304e+00 1.025333333333333430e+00 1.043666666666666742e+00 1.045333333333333226e+00 1.128333333333333410e+00 1.114000000000000101e+00 1.046333333333333337e+00
