2.672333333333333449e+00 2.718333333333333268e+00 2.027333333333333432e+00 2.052999999999999936e+00 1.570333333333333359e+00 1.211333333333333373e+00 1.377333333333333298e+00 2.073333333333333250e+00 1.772666666666666613e+00 1.406333333333333435e+00
2.369333333333333513e+00 2.169666666666666632e+00 1.003666666666666707e+00 8.043333333333333446e-01 6.189999999999999947e-01 1.052000000000000046e+00 9.373333333333333517e-01 9.606666666666666687e-01 1.011666666666666714e+00 7.323333333333332806e-01
1.933333333333333348e+00 1.382333333333333414e+00 1.077666666666666773e+00 7.586666666666667114e-01 5.526666666666666394e-01 6.076666666666666883e-01 7.600000000000000089e-01 5.116666666666667140e-01 6.163333333333332886e-01 7.419999999999999929e-01
1.501333333333333409e+00 1.348333333333333384e+00 7.429999999999999938e-01 6.903333333333333544e-01 5.929999999999999716e-01 6.186666666666666980e-01 5.223333333333333162e-01 6.750000000000000444e-01 4.783333333333333326e-01 5.090000000000000080e-01
9.416666666666666519e-01 8.503333333333333854e-01 6.246666666666667034e-01 5.183333333333333126e-01 6.149999999999999911e-01 3.876666666666666594e-01 6.243333333333332957e-01 4.733333333333333282e-01 6.616666666666666252e-01 5.353333333333333277e-01
1.147666666666666613e+00 4.603333333333333166e-01 7.576666666666667105e-01 7.720000000000000195e-01 5.563333333333333464e-01 5.426666666666666305e-01 5.286666666666666181e-01 5.023333333333332984e-01 5.976666666666666794e-01 6.516666666666666163e-01
1.270000000000000018e+00 5.673333333333333561e-01 5.013333333333332975e-01 4.946666666666666434e-01 6.119999999999999885e-01 4.703333333333333255e-01 5.373333333333333295e-01 5.350000000000000311e-01 4.969999999999999973e-01 4.610000000000000209e-01
9.703333333333333810e-01 4.643333333333333202e-01 5.380000000000000338e-01 4.149999999999999800e-01 5.253333333333333188e-01 4.873333333333333406e-01 5.576666666666666439e-01 5.503333333333333410e-01 5.626666666666666483e-01 5.050000000000000044e-01
1.299333333333333229e+00 4.610000000000000209e-01 4.086666666666666781e-01 5.796666666666666634e-01 5.146666666666667167e-01 5.673333333333333561e-01 6.119999999999999885e-01 5.516666666666666385e-01 5.226666666666666128e-01 4.450000000000000067e-01
1.270333333333333314e+00 5.073333333333333028e-01 4.736666666666666803e-01 6.033333333333333881e-01 5.140000000000000124e-01 5.593333333333333490e-01 5.166666666666667185e-01 5.226666666666666128e-01 4.906666666666666399e-01 5.433333333333333348e-01
